341|2202410|4|POLIZA|50|EN VIGOR|20240917|1|50|EN VIGOR|20240917|20240917|20240801|20250731||||||||46119904|CREALSA|||1375|HOWDEN IBERIA SA||| 000000000000000,000| 000000000000000,000|||||0|0|0|0||0|0|0|0||20240917||||||||||||||||||||A98111859|||198|198|||||| 000000000000000,000| 000000000000000,000|||||||28094763||||0| 1,00|001|116
341|2202411|4|POLIZA|50|EN VIGOR|20240917|1|50|EN VIGOR|20240917|20240917|20240801|20250731||||||||46119904|CREALSA|||1375|HOWDEN IBERIA SA||| 000000000000000,000| 000000000000000,000|||||0|0|0|0||0|0|0|0||20240917||||||||||||||||||||A98111859|||198|198|||||| 000000000000000,000| 000000000000000,000|||||||28094763||||0| 1,00|001|116
341|2202412|4|POLIZA|50|EN VIGOR|20240917|1|50|EN VIGOR|20240917|20240917|20240801|20250731||||||||46119904|CREALSA|||1375|HOWDEN IBERIA SA||| 000000000000000,000| 000000000000000,000|||||0|0|0|0||0|0|0|0||20240917||||||||||||||||||||A98111859|||198|198|||||| 000000000000000,000| 000000000000000,000|||||||28094763||||0| 1,00|001|116
341|2202413|4|POLIZA|50|EN VIGOR|20240917|1|50|EN VIGOR|20240917|20240917|20240801|20250731||||||||46119904|CREALSA|||1375|HOWDEN IBERIA SA||| 000000000000000,000| 000000000000000,000|||||0|0|0|0||0|0|0|0||20240917||||||||||||||||||||A98111859|||198|198|||||| 000000000000000,000| 000000000000000,000|||||||28094763||||0| 1,00|001|116
341|9022381|4|POLIZA|50|EN VIGOR|20070213|19|50|EN VIGOR|20240917|20070213|20240901|20250831||||||||2000980|RAUL CABRERA POVEA|||630|COSTA SERRA SL.||| 000000000004057,000| 000000000008565,000|||||341|7702760|20070101|901|FINALIZADO|0|0|0|0||20240917||||||||||||||||||||A08779563|||198|198|||||| 000000000004057,200| 000000000008564,500|||||||8079760|20131101|||0| 1,00|002|116
341|9121145|4|POLIZA|50|EN VIGOR|20161129|9|45|PTE. EMISION Y PAGO|20240917|20161129|20241101|20251031||||||||2000846|JOSEP BAHI COSTA|||1032|TP GABINET SL||| 000000000003000,000| 000000000012000,000|||||0|0|0|0||0|0|0|0||20240917||||||||||||||||||||B55214613|||198|198|||||| 000000000003000,000| 000000000012000,000|||||||25003689|20191101|||0| 1,00|002|116
341|9124645|4|POLIZA|50|EN VIGOR|20231005|9|45|PTE. EMISION Y PAGO|20240917|20170512|20241001|20250930||||||||4000693|BEATRIZ RODRIGUEZ QUINTERO (ESTE)|||846|BSCV 2004 MEDITERRANEO AGENCIA DE SEGUROS SL||| 000000000005246,000| 000000000010754,000|||||0|0|0|0||0|0|0|0||20240917||||||||||||||||||||B30474746|||198|198|||||| 000000000005245,900| 000000000010754,090|||||||3030400||||0| 1,00|002|116
341|9162749|4|POLIZA|45|PTE. EMISION Y PAGO|20240917|1|45|PTE. EMISION Y PAGO|20240917|0|20241001|20250930||||||||11007575|MARGARITA QUIRCE SANTIAGO|||0|||| 000000000007623,000| 000000000003816,000|||||0|0|0|0||0|0|0|0||20240917||||||||||||||||||||B49301625|||198|198|||||| 000000000007623,400| 000000000003815,510|||||||0||||| 0,00|001|116
341|9910918|4|POLIZA|73|ANULADA|20240917|1|50|EN VIGOR|20240827|20240827|20240201|20240916||||||||1000954|MARIA TERESA RUIZ JEREZ|||22|MARSH SA||| 000000000000000,000| 000000000000000,000|||||0|0|0|0||0|0|0|0||20240917||||||||||||||||||||A08663619|||198|198|||||| 000000000000000,000| 000000000000000,000|||||||0||||| 1,00|003|116
341|9910974|4|POLIZA|50|EN VIGOR|20240917|1|50|EN VIGOR|20240917|20240917|20240201|20250131||||||||1000954|MARIA TERESA RUIZ JEREZ|||22|MARSH SA||| 000000000000000,000| 000000000000000,000|||||0|0|0|0||0|0|0|0||20240917||||||||||||||||||||A08663619|||198|198|||||| 000000000000000,000| 000000000000000,000|||||||28039237||||0| 1,00|001|116
341|9910975|4|POLIZA|50|EN VIGOR|20240917|1|50|EN VIGOR|20240917|20240917|20240201|20250131||||||||1000954|MARIA TERESA RUIZ JEREZ|||22|MARSH SA||| 000000000000000,000| 000000000000000,000|||||0|0|0|0||0|0|0|0||20240917||||||||||||||||||||A08663619|||198|198|||||| 000000000000000,000| 000000000000000,000|||||||28039237||||0| 1,00|001|116
341|9910976|4|POLIZA|50|EN VIGOR|20240917|1|50|EN VIGOR|20240917|20240917|20240201|20250131||||||||1000954|MARIA TERESA RUIZ JEREZ|||22|MARSH SA||| 000000000000000,000| 000000000000000,000|||||0|0|0|0||0|0|0|0||20240917||||||||||||||||||||A08663619|||198|198|||||| 000000000000000,000| 000000000000000,000|||||||28039237||||0| 1,00|001|116
372|3255|4|POLIZA|50|EN VIGOR|20240917|1|50|EN VIGOR|20240917|20240917|20240917|20250916||||||||46119904|CREALSA|||0|||| 000000000000000,000| 000000000000000,000|||||0|0|0|0||0|0|0|0||20240917||||||||||||||||||||A98111859|||198|198|||||| 000000000000000,000| 000000000000000,000|||||||0||||| 0,00|001|116
372|3256|4|POLIZA|50|EN VIGOR|20240917|1|50|EN VIGOR|20240917|20240917|20240917|20250916||||||||46119904|CREALSA|||0|||| 000000000000000,000| 000000000000000,000|||||0|0|0|0||0|0|0|0||20240917||||||||||||||||||||A98111859|||198|198|||||| 000000000000000,000| 000000000000000,000|||||||0||||| 0,00|001|116
372|3257|4|POLIZA|50|EN VIGOR|20240917|1|50|EN VIGOR|20240917|20240917|20240917|20250916||||||||46119904|CREALSA|||0|||| 000000000000000,000| 000000000000000,000|||||0|0|0|0||0|0|0|0||20240917||||||||||||||||||||A98111859|||198|198|||||| 000000000000000,000| 000000000000000,000|||||||0||||| 0,00|001|116
372|3258|4|POLIZA|50|EN VIGOR|20240917|1|50|EN VIGOR|20240917|20240917|20240917|20250916||||||||46119904|CREALSA|||0|||| 000000000000000,000| 000000000000000,000|||||0|0|0|0||0|0|0|0||20240917||||||||||||||||||||A98111859|||198|198|||||| 000000000000000,000| 000000000000000,000|||||||0||||| 0,00|001|116
372|3259|4|POLIZA|50|EN VIGOR|20240917|1|50|EN VIGOR|20240917|20240917|20240917|20250916||||||||46119904|CREALSA|||0|||| 000000000000000,000| 000000000000000,000|||||0|0|0|0||0|0|0|0||20240917||||||||||||||||||||A98111859|||198|198|||||| 000000000000000,000| 000000000000000,000|||||||0||||| 0,00|001|116
381|30556|4|POLIZA|50|EN VIGOR|20240917|1|50|EN VIGOR|20240917|20240917|20240901|20250831||||||||4000693|BEATRIZ RODRIGUEZ QUINTERO (ESTE)|||146|SALORT Y CHINER SL||| 000000000003600,000| 000000000001800,000|||||0|0|0|0||0|0|0|0||20240917||||||||||||||||||||B96001698|||198|198|||||| 000000000003600,000| 000000000001800,000|||||||46008900||||0| 1,00|001|116
381|31246|4|POLIZA|50|EN VIGOR|20240917|1|50|EN VIGOR|20240917|20240917|20240901|20250831||||||||6000357|GERARDO UZAL FERNANDEZ|||12|ORES & BRYAN SL||| 000000000004800,000| 000000000000000,000|||||0|0|0|0||0|0|0|0||20240917||||||||||||||||||||B10888832|||198|0|||||| 000000000004800,000| 000000000000000,000|||||||29000975|||ANDALUCIA OCCIDENTAL|1| 1,00|001|116
511|1000036|4|POLIZA|50|EN VIGOR|20190920|6|49|PDTE. TOMAR EFECTO|20240917|20190920|20240920|20250919||||||||7000888|ALBERTO BLASCO SANCHEZ|||1789|SOMACARRERA ASESORES SL||| 000000000003904,000| 000000000001301,000|||||0|0|0|0||0|0|0|0||20240917||||||||||||||||||||B45455334|||198|198|||||| 000000000003904,470| 000000000001301,490|||||||45028016|20190920|||0| 1,00|002|116
511|1000037|4|POLIZA|50|EN VIGOR|20190923|6|49|PDTE. TOMAR EFECTO|20240917|20190923|20240920|20250919||||||||2000846|JOSEP BAHI COSTA|||664|TEKNO RISK S.L.||| 000000000004674,000| 000000000001558,000|||||0|0|0|0||0|0|0|0||20240917||||||||||||||||||||B60150604|||198|198|||||| 000000000004674,000| 000000000001558,000|||||||8084359||||0| 1,00|002|116
511|1001012|4|POLIZA|50|EN VIGOR|20200901|5|50|EN VIGOR|20240917|20200901|20240901|20250831||||||||2000846|JOSEP BAHI COSTA|||777|PARRAGA Y RIGOL SL||| 000000000006555,000| 000000000002185,000|||||0|0|0|0||0|0|0|0||20240917||||||||||||||||||||B60714524|||198|198|||||| 000000000006555,060| 000000000002185,020|||||||8097954|20230901|22000101||0| 1,00|002|116
511|1001095|4|POLIZA|50|EN VIGOR|20200925|5|45|PTE. EMISION Y PAGO|20240917|20200925|20240925|20250924||||||||11007575|MARGARITA QUIRCE SANTIAGO|||3190|SEGUROS DE CREDITO Y FORMACION S.L.||| 000000000002793,000| 000000000000931,000|||||0|0|0|0||0|0|0|0||20240917||||||||||||||||||||B49282981|||198|198|||||| 000000000002793,010| 000000000000931,000|||||||37018303||||0| 1,00|002|116
511|1004220|4|POLIZA|50|EN VIGOR|20230920|2|49|PDTE. TOMAR EFECTO|20240917|20230920|20240920|20250919||||||||6000357|GERARDO UZAL FERNANDEZ|||1730|JOSE DANIEL SANCHEZ-JOFRE PAVON||| 000000000001681,000| 000000000000561,000|||||0|0|0|0||0|0|0|0||20240917||||||||||||||||||||B23036577|||198|198|||||| 000000000001681,490| 000000000000560,500|||||||18039961||||0| 1,00|002|116
511|1004827|4|POLIZA|50|EN VIGOR|20240917|1|50|EN VIGOR|20240917|20240917|20240917|20250916||||||||5000011|ALFREDO ORTS VILA|||1196|CONASE GESTION INTEGRAL SL||| 000000000002565,000| 000000000000855,000|||||0|0|0|0||0|0|0|0||20240917||||||||||||||||||||B05529128|||198|198|||||| 000000000002565,000| 000000000000855,000|||||||30042729||||0| 1,00|001|116
511|1004847|4|POLIZA|50|EN VIGOR|20240917|1|50|EN VIGOR|20240917|20240917|20240917|20250916||||||||8000556|ISABEL CILLERO GONZALEZ|||459|CARLOS FLORES ASOCIADOS S.L.||| 000000000001681,000| 000000000000561,000|||||0|0|0|0||0|0|0|0||20240917||||||||||||||||||||B27736388|||198|198|||||| 000000000001681,490| 000000000000560,500|||||||36008712||||0| 1,00|001|116
511|1004862|4|POLIZA|50|EN VIGOR|20240917|1|50|EN VIGOR|20240917|20240917|20240917|20250916||||||||2000846|JOSEP BAHI COSTA|||1032|TP GABINET SL||| 000000000003904,000| 000000000001301,000|||||0|0|0|0||0|0|0|0||20240917||||||||||||||||||||B17350356|||198|198|||||| 000000000003904,470| 000000000001301,490|||||||25003689||||0| 1,00|001|116
341|9114586|4|POLIZA|50|EN VIGOR|20150713|10|45|PTE. EMISION Y PAGO|20240917|20150713|20241101|20251031||||||||2000846|JOSEP BAHI COSTA|||1032|TP GABINET SL||| 000000000009248,000| 000000000000272,000|||||0|0|0|0||0|0|0|0||20240917||||||||||||||||||||B25419268|||198|198|||||| 000000000009248,000| 000000000000272,000|||||||25003689||||0| 1,00|002|116
341|9148138|4|POLIZA|50|EN VIGOR|20201209|5|50|EN VIGOR|20240917|20201209|20240901|20250831||||||||7000874|JOSE ANTONIO HERNANDEZ BRACEROS|||4270|RISKTECH SERVICIOS FINANCIEROS S.L.||| 000000000009517,000| 000000000000000,000|||||0|0|0|0||0|0|0|0||20240917||||||||||||||||||||B28742518|||198|0|||||| 000000000009516,600| 000000000000000,000|||||||28408696|20230901|||0| 1,00|002|116
341|9162750|4|POLIZA|45|PTE. EMISION Y PAGO|20240917|1|45|PTE. EMISION Y PAGO|20240917|0|20241001|20250930||||||||2000013|CARLOS VERDU CLOSA|||35|AON IBERIA CORREDURIA DE SEGUROS Y REASEGUROS S.A||| 000000000062240,000| 000000000020747,000|||||0|0|0|0||0|0|0|0||20240917||||||||||||||||||||F43070226|||198|198|||||| 000000000062239,500| 000000000020746,500|||||||28021019||||0| 1,00|001|116
341|9162755|4|POLIZA|45|PTE. EMISION Y PAGO|20240917|1|45|PTE. EMISION Y PAGO|20240917|0|20240901|20250831||||||||2000013|CARLOS VERDU CLOSA|||0|||| 000000000062240,000| 000000000020747,000|||||0|0|0|0||0|0|0|0||20240917||||||||||||||||||||F43070226|||198|198|||||| 000000000062239,500| 000000000020746,500|||||||0||||| 0,00|001|116
341|9910848|4|POLIZA|73|ANULADA|20240917|1|50|EN VIGOR|20240708|20240708|20240201|20240916||||||||1000954|MARIA TERESA RUIZ JEREZ|||22|MARSH SA||| 000000000000000,000| 000000000000000,000|||||0|0|0|0||0|0|0|0||20240917||||||||||||||||||||A08663619|||198|198|||||| 000000000000000,000| 000000000000000,000|||||||0||||| 1,00|003|116
381|31273|4|POLIZA|50|EN VIGOR|20240917|1|50|EN VIGOR|20240917|20240917|20240801|20250731||||||||3001011|PABLO LOZANO ASENSIO|||2910|JAVIER ARZA PÉREZ||| 000000000000000,000| 000000000002430,000|||||0|0|0|0||0|0|0|0||20240917||||||||||||||||||||B87567772|||0|198|||||| 000000000000000,000| 000000000002430,000|||||||20036816||||0| 1,00|001|116
381|31356|4|POLIZA|50|EN VIGOR|20240917|1|50|EN VIGOR|20240917|20240917|20240901|20250831||||||||6000951|JESUS F. TORRES GARCIA|||1062|ELISA ISABEL ROMERO RUIZ||| 000000000000000,000| 000000000002850,000|||||0|0|0|0||0|0|0|0||20240917||||||||||||||||||||B90020892|||0|198|||||| 000000000000000,000| 000000000002850,000|||||||41030474||||0| 1,00|001|116
401|6004964|4|POLIZA|73|ANULADA|20240917|5|50|EN VIGOR|20231101|20191112|20231101|20240912||||||||2000846|JOSEP BAHI COSTA|||1032|TP GABINET SL||| 000000000000000,000| 000000000000000,000|||||0|0|0|0||0|0|0|0||20240917||||||||||||||||||||B17350356|||198|198|||||| 000000000000000,000| 000000000000000,000|||||||0||||| 1,00|003|116
431|3001472|4|POLIZA|47|PENDTE. FIRMA|20240917|1|47|PENDTE. FIRMA|20240917|0|20240901|20250831||||||||28020521|E INFORMA|||1109|INFORMA D&B S.A.U. (SME)||| 000000000000000,000| 000000000000000,000|||||0|0|0|0||0|0|0|0||20240917||||||||||||||||||||B55732598|||198|0|||||| 000000000000000,000| 000000000000000,000|||||||28020521|||CRISTINA TOVAR|1003| 1,00|001|116
511|1001108|4|POLIZA|50|EN VIGOR|20200925|5|45|PTE. EMISION Y PAGO|20240917|20200925|20240925|20250924||||||||10990722|LUIS ADOLFO DELGADO CHAUTON (GM)|||1025|CARLOS EDUARDO SILVA ROJAS||| 000000000002793,000| 000000000000931,000|||||0|0|0|0||0|0|0|0||20240917||||||||||||||||||||B38691093|||198|198|||||| 000000000002793,010| 000000000000931,000|||||||38021330||||0| 1,00|002|116
511|1002192|4|POLIZA|50|EN VIGOR|20210920|4|49|PDTE. TOMAR EFECTO|20240917|20210920|20240920|20250919||||||||7000888|ALBERTO BLASCO SANCHEZ|||1928|ALBERTO JOSE POLLO GUTIERREZ||| 000000000001682,000| 000000000000561,000|||||0|0|0|0||0|0|0|0||20240917||||||||||||||||||||B85201283|||198|198|||||| 000000000001681,500| 000000000000560,500|||||||28299497||||0| 1,00|002|116
